0 0 0.971356 0.751156 0.998612
0 1 0.943389 0.910996 1
0 2 0.975543 0.641306 1
0 3 0.983622 0.968254 1
1 0 0.997195 0.999955 1
1 1 0.993987 0.988032 1
1 2 0.993548 0.992097 1
1 3 0.998717 0.999908 1
2 0 0.991577 0.974788 1
2 1 0.998761 0.999931 1
2 2 0.903185 0.961173 1
2 3 0.988359 0.902226 1
3 0 0.99064 0.865606 0.996076
3 1 0.89765 0.830309 1
3 2 0.775845 0.530575 0.878945
3 3 0.967749 0.794336 0.975026
4 0 0.872411 0.833901 1
4 1 0.967177 0.944724 1
4 2 0.981027 0.964724 1
4 3 0.982319 0.999774 1
5 0 0.97371 0.999687 1
5 1 0.981133 0.901415 1
5 2 0.969347 0.666388 0.989548
5 3 0.997146 0.998433 1
6 0 0.996676 0.998345 1
6 1 0.972595 0.99987 1
6 2 0.732345 0.499528 0.982471
6 3 0.999021 0.999906 1
7 0 0.990807 0.982923 1
7 1 0.984205 0.450289 0.986371
7 2 0.947596 0.992105 1
7 3 0.984733 0.886605 1